Various platform outputs of MersenneTwister.Rnd() with an Init seed of 12345.

CPP:
0.92961609363555908
0.89015471935272217
0.31637555360794067
0.13070729374885559
0.18391881883144379
0.039759498089551926
0.20456027984619141
0.82643610239028931
0.56772500276565552
0.53207790851593018
0.59554469585418701

JS:
0.9296160866506398
0.8901547130662948
0.31637556036002934
0.13070729398168623
0.18391881231218576
0.03975949645973742
0.20456027938053012
0.8264361317269504
0.5677250262815505
0.5320779164321721
0.5955447026062757

Java:
0.92961603
0.89015466
0.31637555
0.13070726
0.18391877
0.039759457
0.20456022
0.8264361
0.567725
0.5320779
0.5955447

C#:
0.9296161
0.3163756
0.1839188
0.2045603
0.567725
0.5955447
0.9645145
0.6531771
0.7489066
0.6535699
0.7477148